ZIPCODE
-------
10028  
10044  
10170  
10303  
10472  
10473  
10474  
10516  
10528  
10530  
10543  
10573  
10577  
10578  
10580  
10583  
10805  
10916  
10917  
10920  
10923  
10927  
10928  
10954  
10956  
10964  
10965  
10974  
10987  
10993  
11101  
11104  
11208  
11214  
11222  
11239  
11356  
11357  
11360  
11361  
11362  
11369  
11370  
11412  
11413  
11414  
11417  
11420  
11427  
11428  
11429  
11434  
11516  
11520  
11556  
11557  
11575  
11598  
11693  
11694  
11701  
11709  
11716  
11719  
11720  
11722  
11726  
11727  
11730  
11749  
11755  
11757  
11764  
11769  
11779  
11784  
11796  
11798  
11934  
11937  
11949  
11953  
11967  
11980  
12009  
12015  
12027  
12033  
12037  
12061  
12065  
12084  
12090  
12110  
12122  
12164  
12167  
12184  
12188  
12192  
12205  
12206  
12303  
12413  
12414  
12439  
12501  
12508  
12516  
12518  
12522  
12524  
12528  
12540  
12545  
12549  
12561  
12564  
12592  
12754  
12775  
12776  
12779  
12783  
12789  
12809  
12814  
12816  
12817  
12822  
12828  
12832  
12834  
12839  
12842  
12845  
12846  
12853  
12865  
12885  
12887  
12919  
12937  
12957  
12996  
13027  
13035  
13036  
13037  
13039  
13040  
13052  
13057  
13066  
13083  
13088  
13090  
13104  
13116  
13131  
13135  
13142  
13145  
13148  
13211  
13212  
13214  
13305  
13309  
13317  
13323  
13335  
13341  
13357  
13368  
13411  
13428  
13456  
13480  
13491  
13605  
13618  
13661  
13673  
13743  
13776  
13778  
13808  
13811  
13827  
13842  
13865  
13902  
14009  
14047  
14072  
14101  
14201  
14206  
14212  
14213  
14303  
14414  
14423  
14433  
14450  
14454  
14467  
14480  
14482  
14485  
14487  
14502  
14514  
14521  
14525  
14526  
14534  
14580  
14589  
14590  
14611  
14619  
14624  
14625  
14718  
14722  
14724  
14744  
14755  
14772  
14779  
14813  
14847  
14892  

  235 record(s) selected.


